1
98
1 2
3 1
4 1
5 2
6 2
7 3
8 3
9 2
10 7
11 3
12 4
13 7
14 3
15 11
16 8
17 14
18 2
19 13
20 15
21 10
22 17
23 2
24 9
25 15
26 7
27 18
28 14
29 21
30 11
31 28
32 15
33 19
34 28
35 8
36 26
37 2
38 36
39 30
40 17
41 24
42 21
43 2
44 5
45 4
46 11
47 24
48 3
49 6
50 25
51 35
52 48
53 2
54 39
55 2
56 29
57 39
58 52
59 49
60 24
61 41
62 18
63 46
64 8
65 42
66 23
67 8
68 42
69 33
70 17
71 12
72 48
73 59
74 20
75 43
76 49
77 25
78 61
79 66
80 46
81 19
82 50
83 13
84 15
85 54
86 45
87 72
88 63
89 27
90 15
91 56
92 24
93 22
94 2
95 66
96 42
97 44
98 41
96 96
